1 1000 -34.60573136549306 -58.37559700012207
2 1300 -34.60679104101402 -58.37255001068115
3 1500 -34.60152785271762 -58.37388038635254
4 1200 -34.59947900466145 -58.37967395782471
5 1300 -34.59859586491129 -58.385467529296875
6 1400 -34.60078603425853 -58.3888578414917
7 1300 -34.60385923902367 -58.38439464569092
8 1300 -34.60739151780637 -58.38289260864258
9 1200 -34.611170889697334 -58.37765693664551
10 1800 -34.61367860225974 -58.37242126464844
11 1900 -34.61562114442864 -58.376197814941406
12 1000 -34.616539421266175 -58.38366508483887
13 1100 -34.611135569261116 -58.38675498962402
14 1100 -34.60435376709869 -58.375210762023926
15 1200 -34.60364729751856 -58.3738374710083
16 1200 -34.60445973701732 -58.37285041809082
17 1100 -34.606861685567914 -58.37435245513916
18 1700 -34.61032319508074 -58.37568283081055
19 1800 -34.61028787428388 -58.3729362487793
20 2100 -34.611559413503954 -58.37413787841797
21 2300 -34.61392583742403 -58.37679862976074
22 2000 -34.61565646295639 -58.38817119598389
23 2100 -34.61389051815993 -58.39254856109619
24 1900 -34.61064108157626 -58.39550971984863
25 1900 -34.607214907435875 -58.395423889160156
26 1900 -34.60445973701732 -58.393492698669434
27 1900 -34.606579106991695 -58.38980197906494
28 1900 -34.59972628210875 -58.39555263519287
29 1800 -34.60622588241907 -58.372206687927246
30 1700 -34.602587581879405 -58.37229251861572
31 1800 -34.61191261538668 -58.371734619140625
32 1900 -34.615373914313594 -58.372979164123535
33 1800 -34.61360796350612 -58.373966217041016
34 1600 -34.605342814413724 -58.378472328186035
35 1500 -34.606543784602046 -58.37602615356445
36 1600 -34.603188089068546 -58.3773136138916
37 1500 -34.600079534327804 -58.37757110595703
38 1400 -34.605342814413724 -58.38726997375488
39 1300 -34.61014659094618 -58.38963031768799
40 1500 -34.608663101384664 -58.37666988372803
41 1600 -34.60710894103325 -58.378729820251465
42 1700 -34.6056607199775 -58.37443828582764
43 1800 -34.604954261516276 -58.372249603271484
44 1900 -34.60368262114032 -58.37229251861572
45 1800 -34.601775124064886 -58.37658405303955
46 1700 -34.60004420917352 -58.37134838104248
47 1600 -34.60152785271762 -58.371219635009766
48 1600 -34.60212836756956 -58.36903095245361
49 1500 -34.59997355881985 -58.369202613830566
50 1400 -34.598843144987875 -58.37057590484619
51 1500 -34.59831325820802 -58.37336540222168
52 1400 -34.59845456167986 -58.37611198425293
53 1400 -34.59962030615005 -58.37465286254883
54 1600 -34.60039746004035 -58.37392330169678
55 1400 -34.59767738961 -58.38053226470947
56 1300 -34.59937302838724 -58.38615417480469
